Afghanistan|AF|,00,900,800,700,000,0000
Albania|AL|,00,900,800,700,000,0000
Algeria|DZ|,00,900,800,700,000,0000
AmericanSamoa|AS|,011,9011,8011,7011
Andorra|AD|,00,900,800,700,000,0000
Angola|AO|,00,900,800,700,000,0000
Anguilla|AI|,011,9011,8011,7011
AntiguaandBarbuda|AG|,011,9011,8011,7011
Argentina|AR|,00,900,800,700,000,0000
Armenia|AM|,00,900,800,700,000,0000
Aruba|AW|,00,900,800,700,000,0000
Australia|AU|,0011,90011,80011,70011
Austria|AT|,00,900,800,700,000,0000
Azerbaijan|AZ|,00,900,800,700,000,0000
Bahamas|BS|,011,9011,8011,7011
Bahrain|BH|,00,900,800,700,000,0000
Bangladesh|BD|,00,900,800,700,000,0000
Barbados|BB|,011,9011,8011,7011
Belarus|BY|,810,9810,8810,7810
Belgium|BE|,00,900,800,700,000,0000
Belize|BZ|,00,900,800,700,000,0000
Benin|BJ|,00,900,800,700,000,0000
Bermuda|BM|,011,9011,8011,7011
Bhutan|BT|,00,900,800,700,000,0000
Bolivia|BO|,00,900,800,700,000,0000
BosniaandHerzegovina|BA|,00,900,800,700,000,0000
Botswana|BW|,00,900,800,700,000,0000
Brazil|BR|,0014,90014,80014,70014
BritishVirginIslands|VG|,011,9011,8011,7011
Brunei|BN|,00,900,800,700,000,0000
Bulgaria|BG|,00,900,800,700,000,0000
BurkinaFaso|BF|,00,900,800,700,000,0000
Burundi|BI|,00,900,800,700,000,0000
Cambodia|KH|,001,9001,8001,7001,007,9007,8007,7007,008,9008,8008,7008
Cameroon|CM|,00,900,800,700,000,0000
Canada|CA|,011,9011,8011,7011
CapeVerde|CV|,00,900,800,700,000,0000
CaymanIslands|KY|,011,9011,8011,7011
CentralAfricanRepublic|CF|,00,900,800,700,000,0000
Chad|TD|,00,900,800,700,000,0000
Chile|CL|,1230,91230,81230,71230
China|CN|,00,900,800,700,000,0000
Colombia|CO|,005,9005,8005,7005
Comoros|KM|,00,900,800,700,000,0000
CookIslands|CK|,00,900,800,700,000,0000
CostaRica|CR|,00,900,800,700,000,0000
Croatia|HR|,00,900,800,700,000,0000
Cuba|CU|,119,9119,8119,7119
Cyprus|CY|,00,900,800,700,000,0000
CzechRepublic|CZ|,00,900,800,700,000,0000
Denmark|DK|,00,900,800,700,000,0000
Djibouti|DJ|,00,900,800,700,000,0000
Dominica|DM|,011,9011,8011,7011
011|,011,9011,8011,7011
DominicanRepublic|DO|,011,9011,8011,7011
Ecuador|EC|,00,900,800,700,000,0000
Egypt|EG|,00,900,800,700,000,0000
ElSalvador|SV|,00,900,800,700,000,0000
EquatorialGuinea|GQ|,00,900,800,700,000,0000
Eritrea|ER|,00,900,800,700,000,0000
Estonia|EE|,00,900,800,700,000,0000
Ethiopia|ET|,00,900,800,700,000,0000
FaroeIslands|FO|,00,900,800,700,000,0000
Fiji|FJ|,00,900,800,700,000,0000
Finland|FI|,00,900,800,700,000,0000,990,9990,8990,7990,994,9994,8994,7994,999,9999,8999,7999
France|FR|,00,900,800,700,000,0000
FrenchPolynesia|PF|,00,900,800,700,000,0000
Gabon|GA|,00,900,800,700,000,0000
Gambia|GM|,00,900,800,700,000,0000
Georgia|GE|,00,900,800,700,000,0000
Germany|DE|,00,900,800,700,000,0000
Ghana|GH|,00,900,800,700,000,0000
Gibraltar|GI|,00,900,800,700,000,0000
Greece|GR|,00,900,800,700,000,0000
Greenland|GL|,00,900,800,700,000,0000
Grenada|GD|,011,9011,8011,7011
Guam|GU|,011,9011,8011,7011
Guatemala|GT|,00,900,800,700,000,0000
Guinea|GN|,00,900,800,700,000,0000
Guinea-Bissau|GW|,00,900,800,700,000,0000
Guyana|GY|,001,9001,8001,7001
Haiti|HT|,00,900,800,700,000,0000
Honduras|HN|,00,900,800,700,000,0000
HongKong|HK|,001,9001,8001,7001
Hungary|HU|,00,900,800,700,000,0000
Iceland|IS|,00,900,800,700,000,0000
India|IN|,00,900,800,700,000,0000
Indonesia|ID|,001,9001,8001,7001,008,9008,8008,7008
Iran|IR|,00,900,800,700,000,0000
Iraq|IQ|,00,900,800,700,000,0000
Ireland|IE|,00,900,800,700,000,0000
Israel|IL|,00,900,800,700,000,0000,012,9012,8012,7012,013,9013,8013,7013,014,9014,8014,7014,018,9018,8018,7018
Italy|IT|,00,900,800,700,000,0000
IvoryCoast|CI|,00,900,800,700,000,0000
Jamaica|JM|,011,9011,8011,7011
Japan|JP|,010,9010,8010,7010
Jordan|JO|,00,900,800,700,000,0000
Kazakhstan|KZ|,8,98,88,78
Kenya|KE|,000,9000,8000,7000
Kiribati|KI|,00,900,800,700,000,0000
Kuwait|KW|,00,900,800,700,000,0000
Kyrgyzstan|KG|,00,900,800,700,000,0000
Laos|LA|,00,900,800,700,000,0000
Latvia|LV|,00,900,800,700,000,0000
Lebanon|LB|,00,900,800,700,000,0000
Lesotho|LS|,00,900,800,700,000,0000
Liberia|LR|,00,900,800,700,000,0000
Libya|LY|,00,900,800,700,000,0000
Liechtenstein|LI|,00,900,800,700,000,0000
Lithuania|LT|,00,900,800,700,000,0000
Luxembourg|LU|,00,900,800,700,000,0000
Macau|MO|,00,900,800,700,000,0000
Macedonia|MK|,00,900,800,700,000,0000
Madagascar|MG|,00,900,800,700,000,0000
Malawi|MW|,00,900,800,700,000,0000
Malaysia|MY|,00,900,800,700,000,0000
Maldives|MV|,00,900,800,700,000,0000
Mali|ML|,00,900,800,700,000,0000
Malta|MT|,00,900,800,700,000,0000
MarshallIslands|MH|,011,9011,8011,7011
Mauritania|MR|,00,900,800,700,000,0000
Mauritius|MU|,00,900,800,700,000,0000
Mayotte|YT|,00,900,800,700,000,0000
Mexico|MX|,00,900,800,700,000,0000
Micronesia|FM|,011,9011,8011,7011
Moldova|MD|,00,900,800,700,000,0000
Monaco|MC|,00,900,800,700,000,0000
Mongolia|MN|,001,9001,8001,7001
Montenegro|ME|,00,900,800,700,000,0000
Montserrat|MS|,011,9011,8011,7011
Morocco|MA|,00,900,800,700,000,0000
Mozambique|MZ|,00,900,800,700,000,0000
Namibia|NA|,00,900,800,700,000,0000
Nauru|NR|,00,900,800,700,000,0000
Nepal|NP|,00,900,800,700,000,0000
Netherlands|NL|,00,900,800,700,000,0000
NetherlandsAntilles|AN|,00,900,800,700,000,0000
NewCaledonia|NC|,00,900,800,700,000,0000
NewZealand|NZ|,00,900,800,700,000,0000
Nicaragua|NI|,00,900,800,700,000,0000
Niger|NE|,00,900,800,700,000,0000
Nigeria|NG|,009,9009,8009,7009
Niue|NU|,00,900,800,700,000,0000
NorfolkIsland||,00,900,800,700,000,0000
NorthKorea|KP|,99,999,899,799
Norway|NO|,00,900,800,700,000,0000
Oman|OM|,00,900,800,700,000,0000
Pakistan|PK|,00,900,800,700,000,0000
Palau|PW|,011,9011,8011,7011
Panama|PA|,00,900,800,700,000,0000
PapuaNewGuinea|PG|,00,900,800,700,000,0000
Paraguay|PY|,00,900,800,700,000,0000
Peru|PE|,00,900,800,700,000,0000
Philippines|PH|,00,900,800,700,000,0000
Poland|PL|,00,900,800,700,000,0000
Portugal|PT|,00,900,800,700,000,0000
PuertoRico|PR|,011,9011,8011,7011
Qatar|QA|,00,900,800,700,000,0000
Romania|RO|,00,900,800,700,000,0000
Russia|RU|,8,98,88,78
Rwanda|RW|,00,900,800,700,000,0000
SaintBarthelemy|BL|,00,900,800,700,000,0000
SaintHelena|SH|,00,900,800,700,000,0000
SaintKittsandNevis|KN|,011,9011,8011,7011
SaintLucia|LC|,011,9011,8011,7011
SaintMartin|MF|,00,900,800,700,000,0000
SaintPierreandMiquelon|PM|,00,900,800,700,000,0000
SaintVincentandtheGrenadines|VC|,011,9011,8011,7011
Samoa|WS|,011,9011,8011,7011
SanMarino|SM|,00,900,800,700,000,0000
SaoTomeandPrincipe|ST|,00,900,800,700,000,0000
SaudiArabia|SA|,00,900,800,700,000,0000
Senegal|SN|,00,900,800,700,000,0000
Serbia|RS|,00,900,800,700,000,0000
Seychelles|SC|,00,900,800,700,000,0000
SierraLeone|SL|,00,900,800,700,000,0000
Singapore|SG|,001,9001,8001,7001,008,9008,8008,7008
Slovakia|SK|,00,900,800,700,000,0000
Slovenia|SI|,00,900,800,700,000,0000
SolomonIslands|SB|,00,900,800,700,000,0000
Somalia|SO|,00,900,800,700,000,0000
SouthAfrica|ZA|,00,900,800,700,000,0000
SouthKorea|KR|,001,9001,8001,7001,002,9002,8002,7002
Spain|ES|,00,900,800,700,000,0000
SriLanka|LK|,00,900,800,700,000,0000
Sudan|SD|,00,900,800,700,000,0000
Suriname|SR|,00,900,800,700,000,0000
Swaziland|SZ|,00,900,800,700,000,0000
Sweden|SE|,00,900,800,700,000,0000
Switzerland|CH|,00,900,800,700,000,0000
Syria|SY|,00,900,800,700,000,0000
Taiwan|TW|,002,9002,8002,7002
Tajikistan|TJ|,8,98,88,78
Tanzania|TZ|,000,9000,8000,7000
Thailand|TH|,001,9001,8001,7001
Togo|TG|,00,900,800,700,000,0000
Tokelau|TK|,00,900,800,700,000,0000
Tonga|TO|,00,900,800,700,000,0000
TrinidadandTobago|TT|,011,9011,8011,7011
Tunisia|TN|,00,900,800,700,000,0000
Turkey|TR|,00,900,800,700,000,0000
Turkmenistan|TM|,8,98,88,78
TurksandCaicosIslands|TC|,0,90,80,70
Tuvalu|TV|,00,900,800,700,000,0000
Uganda|UG|,000,9000,8000,7000
Ukraine|UA|,00,900,800,700,000,0000
UnitedArabEmirates|AE|,00,900,800,700,000,0000
UnitedKingdom|GB|,00,900,800,700,000,0000
UnitedStates|US|,011,9011,8011,7011
Uruguay|UY|,00,900,800,700,000,0000
Uzbekistan|UZ|,8,98,88,78
Vanuatu|VU|,00,900,800,700,000,0000
Venezuela|VE|,00,900,800,700,000,0000
Vietnam|VN|,00,900,800,700,000,0000
WallisandFutuna|WF|,00,900,800,700,000,0000
Yemen|YE|,00,900,800,700,000,0000
Zambia|ZM|,00,900,800,700,000,0000
Zimbabwe|ZW|,00,900,800,700,000,0000
